RIn1[nm]	E[eV/atom]
0.07101292000000001	31.651681600603588
0.07494584	30.713991108384327
0.07887875999999999	29.841644069470835
0.08281168000000001	29.02635553431479
0.0867446	28.261294723619073
0.09067752000000001	27.540771661594164
0.09461044	26.860002111327326
0.09854336000000001	26.21492885909151
0.10247628	25.60208415558597
0.1064092	25.01848262947385
0.11034212000000002	24.461537046427154
0.11427504000000001	23.928991394844523
0.11820796000000001	23.418867254113145
0.12214088	22.92942044711499
0.1260738	22.459105729770698
0.13000672000000002	22.006547816202072
0.13393964	21.570517439059103
0.13787255999999998	21.149911442159006
0.14180548000000004	20.7437361255998
0.14573840000000002	20.351093232146717
0.14967132000000002	19.971168092294516
0.15360424	19.60321954427568
0.15753716	19.246571321866462
0.16147008000000002	18.9006046625921
0.16540300000000002	18.5647519358671
0.16933592000000003	18.238491127713054
0.17326884	17.921341048215275
0.17720176	17.612857151499185
0.18113468000000005	17.31262787701332
0.18506760000000003	17.02027143627995
0.18900052	16.735432981775674
0.19293344000000004	16.457782104817593
0.19686636000000005	16.187010617715067
0.20079928000000002	15.922830582359918
0.20473220000000006	15.664972553152442
0.20866511999999998	15.413184006920668
0.21259804000000002	15.167227936463249
0.21653096000000002	14.926881587676348
0.22046388	14.691935323024698
0.22439680000000004	14.462191596480292
0.22832972	14.237464027053562
0.23226264000000005	14.017576559741634
0.23619556	13.80236270416784
0.24012848000000003	13.59166484242502
0.2440614	13.385333598696985
0.24799432	13.1832272641458
0.25192724000000005	12.985211271339743
0.25586016	12.79115771317683
0.25979308000000007	12.600944901848806
0.26372600000000007	12.414456963902591
0.26765892	12.231583467902253
0.27159184000000003	12.052219081583818
0.27552476	11.876263255736085
0.27945768000000004	11.703619932338885
0.28339060000000005	11.53419727475287
0.28732352	11.36790741798556
0.29125644000000006	11.204666237262332
0.29518936	11.0443931333109
0.29912228	10.88701083292736
0.3030552	10.73244520353323
0.30698812	10.580625080558564
0.31092104000000004	10.43148210659801
0.31485396	10.284950581386733
0.31878688000000005	10.140967321731546
0.32271980000000006	9.999471530613086
0.32665272	9.86040467474551
0.33058564000000007	9.72371036994474
0.33451856	9.589334273713465
0.33845148	9.45722398450315
0.3423844000000001	9.32732894715985
0.34631732	9.199600364102634
0.35025024	9.073991111821565
0.35418316000000005	8.950455662316683
0.35811608	8.828950009130178
0.362049	8.709431597652811
0.36598192	8.59185925941079
0.36991484	8.476193150062752
0.37384776000000003	8.362394690858029
0.37778068000000004	8.250426513326197
0.38171360000000004	8.140252406986008
0.38564652000000005	8.031837269877634
0.38957944000000005	7.9251470617368955
0.39351236000000006	7.820148759643841
0.39744528000000007	7.716810315989913
0.4013782000000001	7.615100618619861
0.40531111999999997	7.51498945301432
0.40924404000000003	7.416447466388839
0.41317696000000004	7.319446133594009
0.41710988	7.223957724708923
0.42104280000000005	7.129955274228175
0.42497572	7.037412551749073
0.42890864	6.946304034072188
0.43284156000000007	6.856604878634112
0.43677448	6.7682908981968
0.4407074	6.68133853672277
0.44464032000000003	6.595724846369988
0.44857324000000004	6.511427465544609
0.4525061600000001	6.428424597953663
0.45643908000000005	6.346694992603528
0.46037200000000006	6.266217924693239
0.46430492000000007	6.18697317735501
0.46823784	6.108941024197313
0.47217076	6.032102212608288
0.4761036800000001	5.956437947780358
0.4800366000000001	5.881929877418594
0.48396952000000004	5.808560077098212
0.48790244000000005	5.736311036238179
0.49183536000000005	5.6651656446602345
0.49576828	5.595107179703957
0.4997012000000001	5.526119293870616
0.5036341200000001	5.458186002969845
0.5075670400000001	5.391291674744746
0.5114999600000001	5.3254210179523955
0.5154328800000001	5.2605590718779105
0.5193658000000001	5.196691196261645
0.5232987200000001	5.133803061619924
0.5272316400000001	5.071880639941067
0.5311645600000001	5.010910195739253
0.5350974800000001	4.950878277449739
0.5390304	4.891771709150017
0.54296332	4.83357758259176
0.54689624	4.776283249530103
0.5508291600000002	4.719876314336535
0.5547620800000002	4.664344626883082
0.558695	4.609676275685715
0.5626279200000001	4.555859581295718
0.5665608400000001	4.502883089928284
0.5704937600000002	4.450735567318002
0.5744266800000002	4.399405992791687
0.5783596000000001	4.348883553549116
0.5822925200000001	4.299157639143097
0.5862254400000001	4.250217836150441
0.5901583600000001	4.202053923025794
0.5940912800000002	4.154655865130902
0.5980242000000001	4.108013809932061
0.6019571200000001	4.062118082358836
0.6058900400000001	4.0169591803175635
0.6098229600000001	3.972527770353439
0.6137558800000001	3.9288146834550943
0.6176888000000001	3.8858109109962085
0.62162172	3.843507600808543
0.62555464	3.801896053381414
0.6294875600000001	3.760967718182461
0.6334204800000001	3.7207141900953236
0.6373534000000001	3.6811272059693314
0.6412863200000001	3.642198641277256
0.6452192400000001	3.6039205068768183
0.6491521600000001	3.566284945872141
0.6530850800000001	3.5292842305712764
0.6570180000000001	3.4929107595363327
0.6609509200000001	3.457157054722705
0.6648838400000001	3.4220157587040987
0.6688167600000001	3.3874796319803187
0.6727496800000001	3.3535415503645467
0.6766826000000001	3.320194502447597
0.68061552	3.2874315871361253
0.6845484400000001	3.2552460112620096
0.6884813600000002	3.2236310872608787
0.6924142800000002	3.1925802309167155
0.6963472000000002	3.1620869591707423
0.7002801200000001	3.132144887991923
0.7042130400000002	3.102747730307282
0.7081459600000002	3.073889293989687
0.7120788800000002	3.0455634799013573
0.7160118000000002	3.017764279991022
0.7199447200000001	2.990485775442952
0.7238776400000001	2.9637221348761384
0.7278105600000002	2.9374676125920143
0.7317434800000002	2.91171654686885
0.7356764000000002	2.8864633583015262
0.7396093200000001	2.8617025481850877
0.74354224	2.837428696940596
0.74747516	2.813636462581951
0.7514080800000001	2.7903205792223993
0.7553410000000002	2.7674758556193133
0.75927392	2.745097173756128
0.76320684	2.7231794874602473
0.7671397600000001	2.7017178210556443
0.7710726800000001	2.6807072680492725
0.7750056000000002	2.660142989850068
0.7789385200000001	2.6400202145195193
0.7828714400000001	2.6203342355529493
0.7868043600000001	2.6010804106904457
0.7907372800000001	2.582254160756623
0.7946702000000002	2.5638509685281834
0.7986031200000001	2.5458663776286814
0.8025360400000001	2.5282959914493492
0.8064689600000001	2.5111354720955417
0.8104018800000001	2.4943805393577714
0.8143348000000001	2.4780269697067157
0.8182677200000001	2.462070595311517
0.8222006400000001	2.4465073030805726
0.8261335600000002	2.431333033724342
0.8300664800000002	2.4165437808393344
0.8339994000000002	2.402135590012798
0.8379323200000002	2.3881045579474343
0.8418652400000002	2.3744468316057192
0.8457981600000002	2.3611586073730093
0.8497310800000002	2.348236130239174
0.8536640000000002	2.3356756929980413
0.8575969200000001	2.3234736354642997
0.8615298400000002	2.3116263437072586
0.8654627600000002	2.3001302493010334
0.8693956800000001	2.288981828590794
0.8733286000000001	2.2781776019745097
0.8772615200000001	2.2677141331998296
0.88119444	2.2575880286756727
0.8851273600000001	2.2477959367982328
0.8890602800000001	2.238334547290767
0.8929932000000002	2.229200590557105
0.8969261200000002	2.2203908370483347
0.90085904	2.211902096642291
0.9047919600000001	2.203731218035695
0.9087248800000002	2.195875088148396
0.9126578000000002	2.188330631539542
0.9165907200000002	2.1810948098353427
0.9205236400000001	2.1741646211681687
0.9244565600000001	2.1675370996265957
0.9283894800000002	2.1612093147161193
0.9323224000000001	2.155178370830529
0.9362553200000001	2.1494414067332395
0.94018824	2.1439955950487803
0.94412116	2.1388381417637805
0.94805408	2.1339662857376127
0.9519870000000002	2.129377298222108
0.9559199200000003	2.1250684823903603
0.9598528400000002	2.1210371728743445
0.9637857600000002	2.1172807353109975
0.9677186800000002	2.1137965658967905
0.9716516000000002	2.1105820909504143
0.9755845200000002	2.1076347664834834
0.9795174400000001	2.1049520777789628
0.9834503600000001	2.10253153897734
0.9873832800000001	2.1003706926700367
0.9913162000000001	2.098467109500313
0.9952491200000001	2.096818387771078
0.99918204	2.0954221530597437
1.00311496	2.0942760578398407
1.00704788	2.0933777811091665
1.0109808	2.0927250280245895
1.01491372	2.0923155295430265
1.01884664	2.092147042068637
1.02277956	2.092217347106188
1.02671248	2.0925242509201682
1.0306454	2.0930655841998265
1.03457832	2.0938392017298493
1.03851124	2.094842982066471
1.04244416	2.0960748272192116
1.04637708	2.097532662337744
1.05031	2.0992144354040327
1.05424292	2.1011181169295785
1.05817584	2.1032416996575987
1.06210876	2.105583198270067
1.06604168	2.108140649099604
1.0699745999999999	2.110912109845981
1.0739075200000001	2.1138956592971905
1.0778404400000001	2.117089397055075
1.0817733600000001	2.1204914432652675
1.0857062800000001	2.124099938351475
1.0896392000000001	2.127913042753966
1.0935721200000001	2.1319289366722174
1.0975050400000002	2.1361458198116337
1.1014379600000002	2.1405619111340606
1.1053708800000002	2.145175448612478
1.1093038	2.149984688989282
1.11323672	2.1549879075383744
1.1171696400000002	2.1601833978309446
1.1211025600000002	2.165569471504841
1.1250354800000002	2.171144458037416
1.1289684000000002	2.176906704521953
1.1329013200000002	2.1828545754473163
1.1368342400000002	2.188986452481066
1.1407671600000002	2.1953007342558273
1.1447000800000002	2.2017958361587384
1.148633	2.208470190124284
1.15256592	2.2153222444299194
1.15649884	2.222350463494986
1.16043176	2.2295533276824115
1.1643646800000003	2.2369293331035065
1.1682976000000003	2.2444769914254166
1.1722305200000003	2.252194829681571
1.17616344	2.2600813900848227
1.18009636	2.268135229843293
1.18402928	2.2763549209788727
1.1879622	2.284739050148393
1.1918951199999999	2.2932862184673035
1.1958280399999999	2.301995041335961
1.1997609599999999	2.310864148268255
1.2036938799999999	2.319892182722888
1.2076268	2.3290778019367924
1.2115597200000001	2.338419676761106
1.2154926400000001	2.34791649149939
1.2194255600000001	2.3575669437480933
1.2233584800000001	2.3673697442392645
1.2272914000000001	2.3773236166855534
1.23122432	2.38742729762712
1.23515724	2.3976795362810526
1.23909016	2.4080790943924812
1.24302308	2.418624746087986
1.246956	2.4293152777309532
1.25088892	2.4401494877788843
1.2548218400000002	2.4511261866427487
1.2587547600000002	2.4622441965480917
1.2626876800000002	2.4735023513982792
1.2666206000000002	2.48489949663928
1.27055352	2.4964344891265515
1.27448644	2.5081061969936265
1.27841936	2.519913499522385
1.28235228	2.531855287015153
1.2862852	2.5439304606685607
1.29021812	2.556137932448965
1.29415104	2.5684766249695397
1.2980839600000003	2.5809454713691267
1.3020168800000003	2.59354341519257
1.3059498000000003	2.6062694102726383
1.30988272	2.619122420613558
1.31381564	2.6321014202760225
1.31774856	2.645205393263766
1.32168148	2.6584333334115406
1.3256144	2.671784244274641
1.32954732	2.685257139019787
1.33348024	2.698851040317476
1.33741316	2.712564980235747
1.3413460800000003	2.7263980001352026
1.3452790000000003	2.740349150565549
1.3492119200000001	2.754417491163309
1.3531448400000001	2.7686020905509623
1.3570777600000001	2.782902026237337
1.3610106800000001	2.797316384519218
1.3649436000000001	2.8118442603843268
1.3688765200000002	2.8264847574154084
1.3728094400000002	2.8412369876956265
1.3767423600000002	2.856100071715127
1.3806752800000002	2.8710731382787653
1.3846082000000004	2.886155324415016
1.3885411200000002	2.9013457752859777
1.3924740400000002	2.9166436440986523
1.3964069600000002	2.9320480920171224
1.4003398800000002	2.9475582880760456
1.4042728000000002	2.9631734090949915
1.4082057200000002	2.9788926395940876
1.4121386400000002	2.9947151717105753
1.4160715600000002	3.010640205116359
1.42000448	3.026666946936697
1.4239374	3.04212608148533
1.42787032	3.0284588348508104
1.43180324	3.014878445742493
1.43573616	3.0013842174421432
1.43966908	2.9879754598772625
1.443602	2.974651489548073
1.44753492	2.961411629455515
1.45146784	2.9482552090299574
1.45540076	2.935181564061042
1.45933368	2.9221900366281677
1.4632666	2.9092799750319336
1.46719952	2.896450733726486
1.4711324399999999	2.8837016732526326
1.4750653599999999	2.8710321601717794
1.47899828	2.858441567000679
1.4829312000000001	2.8459292721470484
1.4868641200000001	2.8334946598459085
1.4907970400000001	2.8211371200967013
1.4947299600000001	2.8088560486012084
1.4986628800000001	2.7966508467022444
1.5025958000000001	2.7845209213230318
1.5065287200000002	2.7724656849073934
1.51046164	2.76048455536057
1.51439456	2.748576955990867
1.51832748	2.7367423154519543
1.5222604000000002	2.7249800676858067
1.5261933200000002	2.7132896518664915
1.5301262400000002	2.701670512344425
1.5340591600000002	2.6901220985914835
1.5379920800000002	2.6786438651466455
1.5419250000000002	2.667235271562386
1.5458579200000002	2.655895782351637
1.54979084	2.644624866935423
1.55372376	2.633421999591071
1.55765668	2.6222866594011176
1.5615896	2.6112183302027523
1.5655225200000003	2.6002165005379245
1.5694554400000003	2.5892806636039505
1.5733883600000003	2.578410317204808
1.5773212800000003	2.5676049637029554
1.5812542000000003	2.55686410997171
1.5851871200000003	2.546187267348192
1.58912004	2.5355739515868887
1.59305296	2.525023682813632
1.59698588	2.514535985480216
1.6009188	2.5041103883196123
1.60485172	2.493746424301456
1.6087846400000003	2.4834436305883805
1.6127175600000003	2.4732015484925953
1.6166504800000003	2.4630197234330535
1.6205834000000003	2.452897704893255
1.6245163200000003	2.4428350463793107
1.6284492400000001	2.4328313053786665
1.6323821600000001	2.4228860433191715
1.6363150800000001	2.4129988255287684
1.6402480000000002	2.403169221195534
1.6441809200000002	2.3933968033282307
1.6481138400000002	2.3836811487172955
1.6520467600000002	2.374021837896257
1.6559796800000004	2.3644184551036695
1.6599126000000004	2.354870588245391
1.6638455200000004	2.3453778288573925
1.6677784400000002	2.3359397720688833
1.67171136	2.326556016565911
1.67564428	2.3172261645554526
1.6795772	2.3079498217297436
1.68351012	2.2987265972311755
1.68744304	2.289556103617515
1.69137596	2.280437956827507
1.69530888	2.271371776146897
1.6992418	2.262357184174882
1.7031747200000003	2.253393806790781
1.7071076400000003	2.2444812731213286
1.71104056	2.23561921550808
1.71497348	2.226807269475383
1.7189064	2.218045073698561
1.72283932	2.209332269972558
1.72677224	2.2006685031809634
1.73070516	2.192053421265181
1.73463808	2.1834866751942195
1.738571	2.174967918934549
1.74250392	2.166496809420555
1.74643684	2.158073006525129
1.75036976	2.1496961730306166
1.7543026800000001	2.141365974600244
1.7582356000000001	2.133082079749587
1.7621685200000001	2.1248441598186276
1.7661014400000001	2.1166518889439736
1.7700343600000001	2.1085049440313655
1.7739672800000001	2.100403004728622
1.7779002000000002	2.0923457533986953
1.7818331200000002	2.084332875093251
1.7857660400000002	2.0763640575262867
1.7896989600000002	2.068438991048252
1.7936318800000002	2.060557368620346
1.7975648000000002	2.0527188857891376
1.8014977200000002	2.044923240661368
1.8054306400000002	2.037170133879235
1.8093635600000002	2.029459268595702
1.8132964800000002	2.021790350450243
1.8172294000000002	2.0141630875448207
1.8211623200000002	2.0065771904200758
1.8250952400000002	1.9990323720317857
1.82902816	1.9915283477276704
1.8329610800000002	1.9840648352243118
1.8368940000000002	1.9766415545844396
1.8408269200000003	1.9692582281943913
1.8447598400000003	1.9619145807417828
1.8486927600000003	1.9546103391936218
1.8526256800000003	1.9473452327743446
1.8565586000000003	1.9401189929443923
1.8604915200000003	1.932931353378752
1.8644244400000003	1.925782049945998
1.86835736	1.918670820687289
1.8722902800000003	1.9115974057957963
1.8762232000000005	1.9045615475962592
1.8801561200000003	1.8975629905247602
1.8840890400000005	1.890601481108736
1.8880219600000003	1.8836767679472073
1.8919548800000006	1.87678860169119
1.8958878000000003	1.8699367350243081
1.8998207200000006	1.8631209226437613
1.9037536400000004	1.856340921241169
1.9076865600000004	1.8495964894840173
1.9116194800000001	1.842887387996969
1.9155524	1.8362133793435618
1.9194853200000002	1.8295742280080343
1.9234182400000004	1.8229697003773917
1.9273511600000002	1.8163995647235454
1.9312840800000004	1.8098635911857663
1.9352170000000002	1.803361551753302
1.9391499200000004	1.7968932202480845
1.9430828400000002	1.7904583723077077
1.9470157600000002	1.7840567853686133
1.9509486800000004	1.7776882386493196
1.9548816000000002	1.771352513133987
1.9588145200000004	1.7650493915559264
1.9627474400000002	1.7587786583816398
1.9666803600000005	1.752540099794637
1.9706132800000002	1.7463335036797039
1.9745462000000005	1.7401586596071474
1.9784791200000003	1.7340153588173564
1.9824120400000005	1.7279033942053854
1.9863449600000003	1.7218225603058663
1.9902778800000003	1.7157726532778255
1.9942108000000005	1.7097534708899575
1.9981437200000003	1.7037648125057931
2.0020766400000007	1.6978064790691918
2.0060095600000003	1.6918782730898443
2.0099424800000003	1.685979998629116
2.0138754000000003	1.6801114612858006
2.0178083200000003	1.6742724681822116
2.0217412400000003	1.6684628279503155
2.0256741600000003	1.6626823507180426
2.0296070800000003	1.6569308480957257
2.0335400000000003	1.6512081331627024
2.037472920000001	1.6455140204539858
2.0414058400000004	1.6398483259471905
2.0453387600000004	1.6342108670494455
2.0492716800000004	1.6286014625845566
2.0532046000000004	1.623019932780276
2.0571375200000004	1.6174660992556404
2.0610704400000004	1.6119397850085206
2.0650033600000004	1.6064408144032212
2.0689362800000004	1.600969013158245
2.0728692000000004	1.5955242083342238
2.0768021200000004	1.5901062283218743
2.0807350400000004	1.5847149028301701
2.0846679600000004	1.5793500628745267
2.0886008800000004	1.5740115407652169
2.0925338000000004	1.5686991700958588
2.0964667200000004	1.563412785732009
2.1003996400000005	1.5581522237998295
2.1043325600000005	1.5529173216749832
2.1082654800000005	1.547707917971505
2.1121984000000005	1.5425238525309548
2.1161313200000005	1.5373649664114097
2.1200642400000005	1.5322311018769317
2.1239971600000005	1.5271221023867338
2.1279300800000005	1.5220378125848513
2.1318630000000005	1.5169780782895947
2.1357959200000005	1.5119427464832922
2.1397288400000005	1.5069316653020552
2.1436617600000005	1.5019446840256672
2.1475946800000005	1.4969816530676492
2.1515276000000005	1.4920424239652221
2.1554605200000005	1.4871268493696128
2.1593934400000006	1.4822347830362517
2.1633263600000006	1.4773660798152397
2.1672592800000006	1.4725205956417085
2.1711922000000006	1.467698187526505
2.1751251200000006	1.4628987135467995
2.1790580400000006	1.4581220328368218
2.1829909600000006	1.4533680055787495
2.1869238800000006	1.4486364929936084
2.1908568000000006	1.443927357332323
2.1947897200000006	1.4392404618667942
2.1987226400000006	1.4345756708810995
2.2026555600000006	1.429932849662839
2.2065884800000006	1.4253118644944092
2.2105214000000006	1.4207125826445128
2.2144543200000006	1.4161348723596807
2.2183872400000006	1.4115786028559116
2.2223201600000007	1.4070436443103165
2.2262530800000007	1.4025298678529525
2.2301860000000007	1.3980371455586276
2.2341189200000007	1.393565350438913
2.2380518400000007	1.3891143564340869
2.2419847600000007	1.3846840384052768
2.2459176800000002	1.3802742721265842
2.2498506000000007	1.3758849342773538
2.2537835200000003	1.3715159024344972
2.2577164400000007	1.3671670550648731
2.2616493600000007	1.3628382715177783
2.2655822800000007	1.3585294320174186
2.2695152000000007	1.354240417655601
2.2734481200000007	1.3499711103843701
2.2773810400000007	1.3457213930087417
2.2813139600000003	1.341491149179577
2.2852468800000003	1.3372802633863996
2.2891798	1.333088620950437
2.2931127200000003	1.3289161080175447
2.29704564	1.3247626115513595
2.3009785600000003	1.3206280193264743
2.3049114800000003	1.3165122199215542
2.3088444000000004	1.3124151027127509
2.3127773200000004	1.3083365578669541
2.3167102400000004	1.304276476335241
2.3206431600000004	1.3002347498463331
2.3245760800000004	1.2962112709001468
2.3285090000000004	1.2922059327613877
2.33244192	1.288218629453203
2.3363748400000004	1.2842492557508356
2.34030776	1.2802977071755308
2.3442406800000004	1.276363879988225
2.3481736	1.2724476711835666
2.3521065200000004	1.2685489784837514
2.3560394400000004	1.264667700332548
2.3599723600000004	1.2608037358894826
2.3639052800000004	1.2569569850237483
2.3678382	1.2531273483085705
2.3717711200000005	1.249314727015275
2.37570404	1.245519023107675
2.3796369600000005	1.2417401392363476
2.38356988	1.2379779787330503
2.3875028000000005	1.2342324456051226
2.39143572	1.2305034445299883
2.3953686400000005	1.2267908808497348
2.3993015600000005	1.2230946605656328
2.4032344800000005	1.219414690332818
2.4071674000000005	1.2157508774549806
2.41110032	1.2121031298790663
2.4150332400000005	1.2084713561901206
2.41896616	1.2048554656060868
2.4228990800000005	1.2012553679726925
2.426832	1.1976709737583835
2.4307649200000006	1.1941021940493037
2.43469784	1.1905489405442666
2.4386307600000006	1.187011125549943
2.4425636800000006	1.183488661975807
2.4464966	1.1799814633294512
2.4504295200000006	1.1764894437116844
2.45436244	1.1730125178118276
2.4582953600000006	1.1695506009029515
2.46222828	1.166103608837264
2.4661612000000006	1.1626714580414599
2.47009412	1.1592540655121466
2.4740270400000006	1.1558513488112727
2.47795996	1.152463226061623
2.4818928800000006	1.1490896159424229
2.4858258000000006	1.1457304376848483
2.48975872	1.1423856110676807
2.4936916400000007	1.1390550564129216
2.49762456	1.1357386945815697
2.5015574800000007	1.1324364469692734
2.5054904000000002	1.1291482355021685
2.5094233200000007	1.125873982632652
2.5133562400000002	1.1226136113352199
2.5172891600000007	1.1193670451024553
2.5212220800000003	1.1161342079407788
2.5251550000000003	1.1129150243666037
2.5290879200000007	1.1097094194021597
2.5330208400000003	1.1065173185716541
2.5369537600000007	1.1033386478972584
2.5408866800000003	1.1001733338952817
2.5448196000000007	1.0970213035722132
2.5487525200000003	1.0938824844210027
2.5526854400000007	1.0907568044171894
2.5566183600000003	1.0876441920151414
2.5605512800000008	1.0845445761444137
2.5644842000000003	1.0814578862059603
2.5684171200000003	1.0783840520684842
2.572350040000001	1.0753230040648925
2.5762829600000003	1.0722746729885735
2.580215880000001	1.0692389900899482
2.5841488000000004	1.0662158870728766
2.588081720000001	1.063205296091126
2.5920146400000004	1.0602071497449748
2.595947560000001	1.0572213810777322
2.5998804800000004	1.054247923572312
2.6038134000000004	1.0512867111478874
2.6077463200000004	1.0483376781564924
2.6116792400000004	1.0454007593797692
2.615612160000001	1.042475890025596
2.6195450800000004	1.0395630057248748
2.623478000000001	1.0366620425282864
2.6274109200000004	1.0337729369030595
2.631343840000001	1.0308956257298396
2.6352767600000004	1.028030046299487
2.639209680000001	1.0251761363099585
2.6431426000000005	1.0223338338632153
2.6470755200000005	1.0195030774622085
2.6510084400000005	1.0166838060077483
2.6549413600000005	1.0138759587955264
2.658874280000001	1.0110794755130956
2.6628072000000005	1.0082942962370043
2.666740120000001	1.0055203614296997
2.6706730400000005	1.0027576119367156
2.674605960000001	1.0000059889838
2.6785388800000005	0.9972654341739696
2.6824718000000005	0.9945358894847279
2.6864047200000005	0.9918172972652164
2.6903376400000005	0.9891096002334527
2.6942705600000005	0.986412741473532
2.6982034800000005	0.983726664432909
2.702136400000001	0.9810513129196682
2.7060693200000006	0.9783866310998212
2.710002240000001	0.9757325634946428
2.7139351600000006	0.9730890549779728
2.717868080000001	0.970456050773667
2.7218010000000006	0.9678334964529595
2.7257339200000006	0.9652213379318104
2.7296668400000006	0.9626195214684194
2.7335997600000006	0.9600279936606921
2.7375326800000006	0.9574467014436753
2.7414656000000006	0.9548755920870783
2.7453985200000006	0.952314613192783
2.7493314400000006	0.9497637126923785
2.753264360000001	0.9472228388448165
2.7571972800000006	0.9446919402338414
2.7611302000000006	0.9421709657657361
2.7650631200000007	0.9396598646668777
2.7689960400000007	0.9371585864813499
2.77292896	0.9346670810687366
2.7768618800000002	0.9321852986016337
2.7807948000000002	0.9297131895635052
2.7847277200000002	0.9272507047463361
2.7886606400000002	0.9247977952483711
2.7925935600000003	0.922354412471868
2.7965264800000007	0.9199205081209395
2.8004594000000003	0.9174960341992783
2.8043923200000003	0.91508094300803
2.8083252400000003	0.9126751871435662
2.8122581600000003	0.9102787194954028
2.8161910800000003	0.9078914932440617
2.8201240000000003	0.9055134618588999
2.8240569200000003	0.9031445790960669
2.8279898400000003	0.9007847989964175
2.8319227600000003	0.8984340758834551
2.8358556800000003	0.8960923643612747
2.8397886000000003	0.8937596193125786
2.8437215200000003	0.8914357958966161
2.8476544400000003	0.8891208495471814
2.8515873600000003	0.886814735970711
2.8555202800000004	0.8845174111442642
2.8594532000000004	0.8822288313136001
2.8633861200000004	0.8799489529912414
2.8673190400000004	0.8776777329545584
2.8712519600000004	0.8754151282439023
2.8751848800000004	0.8731610961606736
2.8791178000000004	0.8709155942655282
2.8830507200000004	0.8686785803764152
2.8869836400000004	0.866450012566897
2.8909165600000004	0.8642298491641863
2.8948494800000004	0.8620180487474104
2.8987824000000004	0.8598145701457975
2.9027153200000004	0.8576193724369597
2.9066482400000004	0.8554324149450035
2.9105811600000004	0.8532536572389626
2.9145140800000005	0.8510830591308564
2.9184470000000005	0.8489205806741559
2.9223799200000005	0.8467661821619823
2.92631284	0.8446198241254006
2.9302457600000005	0.8424814673318252
2.9341786800000005	0.8403510727832625
2.9381116000000005	0.8382286017147467
2.9420445200000005	0.836114015592615
2.9459774400000005	0.8340072761129608
2.9499103600000005	0.8319083451999482
2.9538432800000005	0.8298171850043043
2.9577762000000005	0.8277337579016453
2.9617091200000005	0.8256580264909549
2.9656420400000005	0.8235899535929901
2.96957496	0.8215295022487996
2.9735078800000005	0.8194766357180895
2.9774408000000006	0.8174313174777896
2.9813737200000006	0.8153935112204553
2.9853066400000006	0.8133631808528844
2.9892395600000006	0.811340290494503
2.9931724800000006	0.809324804475995
2.9971054000000006	0.8073166873377713
3.0010383200000006	0.8053159038285358
3.00497124	0.8033224189038616
3.0089041600000006	0.8013361977247325
3.01283708	0.7993572056561553
3.0167700000000006	0.7973854082657573
3.0207029200000006	0.7954207713223287
3.0246358400000006	0.7934632607944997
3.0285687600000006	0.791512842849376
3.0325016800000006	0.789569483851114
3.0364346000000006	0.7876331503596131
3.0403675200000007	0.7857038091291738
3.0443004400000007	0.7837814271071549
3.0482333600000002	0.7818659714326618
3.0521662800000007	0.7799574094351983
3.0560992000000002	0.778055708633426
3.0600321200000007	0.7761608367338425
3.0639650400000007	0.7742727616295333
3.0678979600000007	0.772391451398806
3.0718308800000007	0.7705168743040594
3.0757638000000007	0.7686489987904476
3.0796967200000007	0.7667877934846685
3.0836296400000003	0.7649332271937556
3.0875625600000007	0.7630852689037717
3.0914954800000003	0.7612438877787109
3.0954284000000007	0.759409053159225
3.0993613200000003	0.7575807345614431
3.1032942400000008	0.7557589016757738
3.1072271600000008	0.753943524365801
3.1111600800000008	0.7521345726670107
3.115093000000001	0.7503320167857438
3.119025920000001	0.7485358270979351
3.122958840000001	0.7467459741480539
3.1268917600000004	0.7449624286480057
3.130824680000001	0.7431851614759036
3.1347576000000004	0.7414141436750051
3.138690520000001	0.7396493464526621
3.1426234400000004	0.7378907411791141
3.146556360000001	0.7361382993865344
3.150489280000001	0.7343919927678486
3.154422200000001	0.7326517931756523
3.158355120000001	0.7309176726212607
3.1622880400000004	0.7291896032735525
3.166220960000001	0.7274675574579643
3.1701538800000004	0.7257515076554348
3.174086800000001	0.724041426501402
3.1780197200000004	0.7223372867847083
3.181952640000001	0.720639061446707
3.1858855600000004	0.7189467235801866
3.189818480000001	0.7172602464282887
3.193751400000001	0.7155796033836905
3.197684320000001	0.7139047679874628
3.201617240000001	0.7122357139281917
3.2055501600000005	0.7105724150409896
3.209483080000001	0.708914845306498
3.2134160000000005	0.7072629788499223
3.217348920000001	0.7056167899401555
3.2212818400000005	0.7039762529888091
3.225214760000001	0.70234134254921
3.2291476800000005	0.70071203331559
3.233080600000001	0.6990883001220389
3.2370135200000005	0.6974701179417195
3.2409464400000005	0.6958574618858806
3.244879360000001	0.6942503072029578
3.2488122800000006	0.6926486292777267
3.252745200000001	0.6910524036303464
3.2566781200000006	0.6894616059155954
3.260611040000001	0.6878762119218444
3.26454396	0.6862961975703513
3.2684768800000006	0.6847215389142842
3.2724098	0.6831522121378777
3.2763427200000006	0.6815881935556557
3.28027564	0.6800294596115432
3.28420856	0.6784759868780426
3.2881414800000006	0.6769277520553563
3.2920744	0.6753847319706844
3.2960073200000006	0.6738469035772542
3.29994024	0.6723142439536183
3.3038731600000006	0.670786730302834
3.30780608	0.6692643399516491
3.3117390000000007	0.6677470503496886
3.31567192	0.6662348390687137
3.3196048400000007	0.6647276838018144
3.3235377600000002	0.6632255623625956
3.3274706800000002	0.661728452684497
3.3314036000000002	0.6602363328199984
3.3353365200000002	0.6587491809397742
3.3392694400000007	0.6572669753320736
3.3432023600000003	0.655789694401888
3.3471352800000007	0.6543173166702225
3.3510682000000003	0.6528498207733948
3.3550011200000007	0.6513871854622488
3.3589340400000003	0.6499293896014822
3.3628669600000003	0.6484764121689112
3.3667998800000003	0.6470282322547023
3.3707328000000003	0.6455848290607558
3.3746657200000003	0.6441461818999136
3.3785986400000003	0.6427122701953384
3.3825315600000008	0.6412830734797555
3.3864644800000003	0.639858571394761
3.390397400000001	0.638438743690218
3.3943303200000003	0.6370235702234789
3.398263240000001	0.6356130309587774
3.4021961600000004	0.634207105966534
3.4061290800000004	0.6328057754226528
3.4100620000000004	0.6314090196079379
3.4139949200000004	0.6300168189074199
3.4179278400000004	0.6286291538096342
3.4218607600000004	0.6272460049060498
3.425793680000001	0.6258673528903992
3.4297266000000004	0.6244931785580654
3.433659520000001	0.6231234628053823
3.4375924400000004	0.6217581866291225
3.4415253600000004	0.6203973311257414
3.4454582800000004	0.619040877490869
3.4493912000000004	0.6176888070186253
3.4533241200000004	0.6163411011010271
3.4572570400000004	0.6149977412274391
3.4611899600000005	0.6136587089838331
3.4651228800000005	0.6123239860523474
3.469055800000001	0.6109935542106364
3.4729887200000005	0.6096673953312055
3.476921640000001	0.6083454913810004
3.4808545600000005	0.6070278244205866
3.4847874800000005	0.6057143766037972
3.4887204000000005	0.6044051301770421
3.4926533200000005	0.6031000674787794
3.4965862400000005	0.6017991709389071
3.5005191600000005	0.6005024230782812
3.5044520800000005	0.5992098065080437
3.5083850000000005	0.5979213039292417
3.512317920000001	0.5966368981320694
3.5162508400000005	0.5953565719954863
3.5201837600000006	0.5940803084866058
3.5241166800000006	0.5928080906602122
3.5280496000000006	0.5915399016581108
3.5319825200000006	0.5902757247087269
3.5359154400000006	0.5890155431265406
3.5398483600000006	0.5877593403115083
3.5437812800000006	0.5865070997486205
3.5477142000000006	0.5852588050073322
3.5516471200000006	0.5840144397410909
3.555580040000001	0.5827739876868141
3.5595129600000006	0.5815374326643801
3.5634458800000006	0.5803047585761122
3.5673788000000006	0.5790759494063348
3.5713117200000006	0.5778509892207853
3.5752446400000006	0.5766298621662513
3.5791775600000006	0.5754125524699731
3.5831104800000007	0.5741990444392
3.5870434000000007	0.5729893224607276
3.5909763200000007	0.571783371000413
3.5949092400000007	0.570581174602679
3.5988421600000007	0.5693827178900397
3.6027750800000007	0.5681879855626689
3.6067080000000007	0.5669969623979695
3.6106409200000007	0.5658096332499345
3.6145738400000007	0.5646259830489566
3.6185067600000007	0.5634459968011569
3.6224396800000007	0.5622696595879797
3.6263726000000007	0.5610969565658896
3.6303055200000007	0.5599278729657108
3.6342384400000007	0.5587623940923073
3.6381713600000007	0.5576005053241496
3.6421042800000007	0.5564421921128224
3.6460372000000008	0.5552874399826295
3.6499701200000008	0.554136234530159
3.6539030400000008	0.5529885614238561
3.6578359600000008	0.5518444064035982
3.661768880000001	0.5507037552802263
3.665701800000001	0.5495665939352313
3.669634720000001	0.5484329083202217
3.673567640000001	0.54730268445662
3.677500560000001	0.5461759084351295
3.681433480000001	0.5450525664154542
3.685366400000001	0.5439326446258123
3.689299320000001	0.5428161293625738
3.693232240000001	0.5417030069897998
3.697165160000001	0.5405932639389489
3.701098080000001	0.5394868867083643
3.705031000000001	0.538383861863017
3.708963920000001	0.5372841760339676
3.712896840000001	0.5361878159181164
3.716829760000001	0.535094768277719
3.7207626800000004	0.5340050199400697
3.724695600000001	0.5329185577970901
3.72862852	0.5318353688049907
3.7325614400000005	0.5307554399838365
3.7364943600000005	0.529678758417209
3.740427280000001	0.5286053112518742
3.744360200000001	0.527535085697342
3.7482931200000005	0.5264680690255724
3.7522260400000005	0.5254042485705867
3.75615896	0.5243436117280705
3.76009188	0.5232861459550977
3.7640248000000005	0.5222318387697235
3.7679577200000005	0.5211806777506406
3.7718906399999996	0.5201326505368118
3.77582356	0.5190877448271668
3.77975648	0.5180459483802419
3.7836894000000005	0.5170072490137962
3.7876223200000005	0.5159716346045538
3.79155524	0.514939093087798
3.79548816	0.5139096124570486
3.7994210800000006	0.5128831807637504
3.8033539999999997	0.5118597861169044
3.80728692	0.5108394166828073
3.81121984	0.509822060684649
3.81515276	0.5088077064022248
3.8190856799999997	0.507796342171598
3.8230185999999997	0.5067879563848278
3.82695152	0.5057825374895608
3.83088444	0.5047800739888179
3.8348173600000006	0.5037805544406007
3.8387502799999997	0.5027839674576177
3.8426832	0.5017903017069676
3.84661612	0.5007995459097956
3.85054904	0.49981168884109145
3.8544819599999998	0.49882671932923944
3.8584148799999998	0.4978446262558495
3.8623478	0.4968653985553873
3.8662807200000002	0.49588902521484135
3.8702136400000007	0.49491549527354495
3.87414656	0.4939447978227451
3.8780794800000002	0.49297692200544285
3.8820124000000003	0.4920118570159848
3.8859453200000003	0.49104959209985255
3.88987824	0.4900901165533494
3.89381116	0.4891334197233105
3.8977440800000003	0.4881794910068056
3.9016770000000003	0.4872283198509223
3.90560992	0.48627989575240493
3.90954284	0.48533420825743473
3.9134757600000003	0.48439124696132324
3.9174086800000003	0.48345100150825066
3.9213416000000003	0.4825134615910229
3.92527452	0.4815786169506987
3.92920744	0.4806464573764744
3.9331403600000003	0.47971697270530056
3.9370732800000003	0.4787901528216084
3.9410062	0.4778659876571875
3.94493912	0.47694446719073
3.9488720400000004	0.4760255814477185
3.9528049600000004	0.47510932050009436
3.956737880000001	0.47419567446607586
3.9606708	0.4732846335097393
3.9646037200000004	0.4723761878409755
3.9685366400000004	0.47147032771508357
3.9724695600000004	0.47056704343261124
3.97640248	0.4696663253390396
3.9803354	0.46876816382458153
3.9842683200000004	0.4678725493238972
3.9882012400000004	0.4669794723159002
3.99213416	0.4660889233234828
3.99606708	0.4652008929132759
4.	0.46431537169538173