RIn1[nm]	E[eV/atom]
0.07501292	91.08308021297375
0.08294584	86.26101619376394
0.09087876	82.1416669241052
0.09881168000000001	78.56076230988752
0.10674460000000001	75.40276804083624
0.11467752	72.58399808704293
0.12261044	70.04229214402329
0.13054336000000002	67.73046370762216
0.13847628	65.6120052638465
0.14640920000000002	63.65819334134199
0.15434212	61.8460888639023
0.16227504	60.15712574219401
0.17020796	58.57609527853671
0.17814088	57.09040262623489
0.18607379999999998	55.689513843859324
0.19400672	54.36453879953696
0.20193964000000003	53.10791243548263
0.20987255999999999	51.91314827681376
0.21780548000000002	50.77464570545864
0.2257384	49.68753773478869
0.23367132000000002	48.64756963714625
0.24160424	47.65100132060502
0.24953716	46.69452816485793
0.25747008	45.775216334826936
0.265403	44.89044954581463
0.27333591999999995	44.037884958713306
0.28126884	43.21541640887358
0.28920176000000003	42.42114356717576
0.29713468	41.653345931524775
0.3050676	40.910460776285845
0.31300052	40.19106436399771
0.32093344	39.49385586107425
0.32886635999999997	38.81764350668327
0.33679928000000003	38.1613326686443
0.34473220000000004	37.523915487286516
0.35266511999999994	36.90446186171378
0.36059803999999995	36.302111575839646
0.36853096	35.71606739616217
0.37646388	35.14558900130464
0.3843968	34.58998762620672
0.39232972000000005	34.0486213225639
0.40026264	33.52089075250263
0.40819555999999996	33.00623544519155
0.41612847999999997	32.50413045663478
0.4240614	32.014083381676
0.43199432	31.535631674586195
0.43992724	31.06834024077159
0.44786016	30.611799267328863
0.45579308	30.16562226456336
0.463726	29.729444294305534
0.4716589199999999	29.30292036402768
0.47959184000000005	28.88572396846326
0.48752476	28.477545762743794
0.49545767999999996	28.078092353052554
0.5033906	27.687085192503552
0.51132352	27.304259571427842
0.5192564399999999	26.92936369252604
0.52718936	26.56215782245267
0.5351222800000001	26.202413512360593
0.5430552	25.849912880773132
0.55098812	25.504447952884643
0.5589210400000001	25.165820051032707
0.56685396	24.833839231647634
0.5747868800000001	24.508323764481364
0.5827198000000001	24.18909965035417
0.59065272	23.876000174042154
0.5985856400000001	23.568865489270646
0.60651856	23.26754223307987
0.61445148	22.971883167097566
0.6223844000000002	22.68174684349225
0.63031732	22.396997293592225
0.63825024	22.11750373734628
0.6461831600000001	21.843140311970693
0.65411608	21.57378581827848
0.662049	21.309323483323965
0.6699819200000001	21.049640738116636
0.67791484	20.79462900926878
0.68584776	20.544183523539445
0.69378068	20.298203124327625
0.7017136	20.05659009924638
0.7096465200000001	19.819250017983812
0.7175794400000001	19.586091579721526
0.7255123600000001	19.357026469441635
0.7334452800000001	19.131969222507013
0.7413782000000001	18.910837096949013
0.74931112	18.693549952940927
0.75724404	18.480030138977305
0.76517696	18.270202384315414
0.77310988	18.06399369726904
0.7810428	17.861333268976573
0.78897572	17.662152382292625
0.7969086400000001	17.466384325478842
0.80484156	17.27396431039363
0.8127744800000001	17.0848293949011
0.8207074000000001	16.89891840924087
0.82864032	16.716171886118197
0.8365732400000001	16.536531994289987
0.8445061600000001	16.35994247543946
0.85243908	16.186348584144795
0.8603720000000001	16.01569703076156
0.86830492	15.847935927050269
0.8762378399999999	15.683014734391742
0.8841707600000001	15.520884214443717
0.89210368	15.361496382101109
0.9000366	15.204804460631832
0.9079695200000001	15.050762838868067
0.91590244	14.899327030340645
0.92383536	14.750453634250785
0.93176828	14.60410029818121
0.9397011999999999	14.460225682453268
0.9476341199999999	14.318789426043606
0.9555670400000001	14.179752113978592
0.96349996	14.04307524612974
0.97143288	13.908721207338186
0.9793658	13.776653238800183
0.98729872	13.646835410650176
0.99523164	13.51923259568063
1.0031645599999999	13.393810444142833
1.0110974799999999	13.270535359574662
1.0190304	13.149374475605327
1.02696332	13.030295633689379
1.03489624	12.913267361725406
1.04282916	12.798258853516804
1.05076208	12.685239949034884
1.058695	12.574181115446315
1.06662792	12.465053428869346
1.07456084	12.357828556824716
1.08249376	12.2524787413496
1.09042668	12.148976782743924
1.0983596	12.04729602392063
1.10629252	11.947410335332522
1.11422544	11.849294100449999
1.12215836	11.752922201764981
1.13009128	11.658270007298334
1.1380242	11.565313357588245
1.14595712	11.474028553138815
1.15389004	11.384392342309207
1.16182296	11.296381909624264
1.1697558799999999	11.209974864488652
1.1776888	11.125149230287624
1.1856217199999999	11.041883433858123
1.19355464	10.960156295314798
1.20148756	10.879947018216116
1.20942048	10.801235180056953
1.2173533999999997	10.724000723073853
1.22528632	10.648223945350708
1.23321924	10.573885492212572
1.24115216	10.500966347895977
1.24908508	10.429447827485115
1.2570179999999997	10.359311569102976
1.2649509199999998	10.29053952634771
1.27288384	10.223113960964778
1.28081676	10.157017435745313
1.28874968	10.092232807642526
1.2966826	10.028743221097528
1.3046155199999998	9.966532101566761
1.3125484399999998	9.905583149243201
1.32048136	9.845880332964562
1.32841428	9.787407884301059
1.3363472	9.730150291816411
1.3442801199999999	9.674092295495525
1.3522130399999999	9.61921888133293
1.3601459599999999	9.565515276076246
1.36807888	9.512966942118663
1.3760118000000001	9.461559572535727
1.38394472	9.411279086260674
1.39187764	9.362111623394082
1.39981056	9.314043540642508
1.40774348	9.267061406882005
1.4156764000000002	9.221151998842242
1.4236093200000002	9.17630229690667
1.4315422399999997	9.13249948102526
1.4394751599999998	9.089730926735747
1.4474080799999998	9.047984201289566
1.4553409999999998	9.00724705987952
1.46327392	8.967507441965086
1.47120684	8.92875346769273
1.4791397599999998	8.890973434407725
1.4870726799999998	8.85415581325476
1.4950055999999998	8.818289245864174
1.5029385199999998	8.783362541121445
1.51087144	8.749364672016746
1.5188043599999999	8.716284772572624
1.5267372799999999	8.684112134846856
1.5346701999999999	8.652836206008342
1.5426031199999999	8.62244658548374
1.55053604	8.59293302217262
1.5584689600000001	8.564285411729006
1.56640188	8.53649379390745
1.5743348	8.509548349971276
1.58226772	8.4834394001617
1.59020064	8.458157401225456
1.59813356	8.433692943999509
1.60606648	8.410036751051042
1.6139994	8.387179674371236
1.62193232	8.365112693120889
1.62986524	8.343826911426962
1.63779816	8.323313556228088
1.64573108	8.303563975167835
1.653664	8.284569634534307
1.66159692	8.26632211724499
1.66952984	8.248813120875148
1.67746276	8.232034455729053
1.6853956799999998	8.215978042952358
1.6933285999999999	8.200635912684909
1.7012615199999999	8.18600020225274
1.7091944399999999	8.172063154397975
1.7171273599999999	8.158817115545952
1.72506028	8.146254534108337
1.7329932	8.134367958821493
1.7409261199999997	8.123150037118684
1.74885904	8.112593513536037
1.75679196	8.102691228150409
1.76472488	8.09343611504934
1.7726578	8.084821200831165
1.7805907199999997	8.076839603135662
1.7885236399999997	8.069484529203525
1.79645656	8.062749274464302
1.80438948	8.056627221152455
1.8123224	8.05111183694989
1.82025532	8.046196673655196
1.8281882399999998	8.041875365878797
1.8361211599999998	8.038141629762658
1.84405408	8.034989261724943
1.851987	8.032412137228338
1.85991992	8.030404209571643
1.86785284	8.028959508704348
1.8757857599999999	8.028072140063092
1.88371868	8.027736283430059
1.8916516000000003	8.027946191812504
1.89958452	8.02869619034272
1.9075174400000001	8.029980675198583
1.91545036	8.031794112543508
1.9233832800000001	8.034131037485887
1.9313162	8.036986053057165
1.9392491200000002	8.040353829208517
1.94718204	8.044229101825374
1.95511496	8.048606671759668
1.9630478800000002	8.053481403879108
1.9709808	8.058848226133446
1.9789137200000002	8.064702128637048
1.98684664	8.071038162767543
1.9947795600000002	8.077851440280448
2.00271248	8.085137132438813
2.0106454	8.092890469158174
2.01857832	8.101106738166216
2.02651124	8.109781284176714
2.03444416	8.11890950807786
2.04237708	8.128486866134054
2.05031	8.138508869201537
2.05824292	8.102395932520228
2.06617584	8.054784236531068
2.07410876	8.007563262917955
2.08204168	7.960728997463956
2.0899746	7.914277474977919
2.0979075200000006	7.868204778595527
2.10584044	7.82250703909241
2.11377336	7.777180434208348
2.12170628	7.732221187982996
2.1296392	7.687625570102744
2.13757212	7.6433898952579575
2.14550504	7.599510522511334
2.15343796	7.555983854676275
2.16137088	7.512806337705574
2.1693038000000002	7.46997446009018
2.1772367200000002	7.427484752267526
2.1851696400000002	7.385333786039619
2.1931025600000003	7.34351817400058
2.2010354800000003	7.302034568973203
2.2089684000000003	7.260879663454771
2.2169013200000003	7.220050189071707
2.2248342400000003	7.1795429160427675
2.2327671600000003	7.139354652651088
2.2407000800000003	7.099482244724261
2.2486330000000003	7.059922575122955
2.2565659200000003	7.02067256323739
2.2644988400000003	6.981729164491784
2.2724317600000004	6.943089369856677
2.2803646800000004	6.904750205368731
2.2882976000000004	6.866708731658056
2.2962305200000004	6.828962043483028
2.30416344	6.79150726927213
2.31209636	6.754341570673005
2.32002928	6.717462142108313
2.3279622	6.680866210338698
2.33589512	6.644551034032222
2.34382804	6.608513903340319
2.35176096	6.572752139480603
2.35969388	6.537263094325534
2.3676268	6.5020441499978086
2.37555972	6.4670927184715055
2.38349264	6.432406241179305
2.39142556	6.397982188625922
2.39935848	6.363818060007147
2.4072914	6.329911382834302
2.41522432	6.296259712564966
2.4231572399999997	6.262860632238621
2.43109016	6.229711752118122
2.43902308	6.196810709336157
2.446956	6.164155167547202
2.45488892	6.131742816584556
2.4628218399999997	6.0995713721224485
2.47075476	6.067638575342826
2.47868768	6.0359421926077
2.4866206	6.0044800151355044
2.49455352	5.97324985868277
2.5024864399999998	5.94224956323023
2.51041936	5.911476992673368
2.5183522799999998	5.880930034517701
2.5262852000000002	5.8506065995783425
2.5342181200000002	5.820504621683942
2.5421510400000003	5.790622057384804
2.5500839600000003	5.760956885665473
2.55801688	5.731507107661095
2.5659498000000003	5.702270746378039
2.5738827200000003	5.673245846418634
2.5818156400000003	5.6444304737096
2.5897485600000003	5.6158227152344375
2.59768148	5.587420678769718
2.6056144000000003	5.559222492624926
2.61354732	5.531226305386202
2.6214802400000004	5.503430285663616
2.6294131600000004	5.47583262184189
2.63734608	5.44843152183485
2.6452790000000004	5.421225212843184
2.65321192	5.394211941115598
2.6611448400000004	5.367389971713485
2.6690777600000004	5.340757588278588
2.67701068	5.314313092804175
2.6849436000000004	5.288054805409312
2.69287652	5.26198106411622
2.7008094400000004	5.236090224630749
2.70874236	5.210380660126044
2.71667528	5.184850761028845
2.7246082000000005	5.159498934809178
2.73254112	5.134323605772567
2.7404740400000005	5.109323214855351
2.74840696	5.084496219422766
2.7563398800000005	5.059841093069574
2.7642728000000005	5.035356325423779
2.77220572	5.011040421952822
2.7801386400000005	4.9868919037723085
2.78807156	4.9629093074576325
2.79600448	4.939091184857935
2.8039373999999997	4.915436102912626
2.8118703199999997	4.891942643470421
2.81980324	4.8686094031109235
2.8277361599999997	4.845434992968348
2.83566908	4.822418038557974
2.8436019999999997	4.799557179604519
2.8515349199999998	4.776851069873287
2.85946784	4.754298377003178
2.8674007599999998	4.731897782342157
2.8753336800000002	4.709647980784783
2.8832666	4.687547680612124
2.8911995200000002	4.6655956033335855
2.89913244	4.643790483530831
2.90706536	4.622131068704042
2.9149982800000003	4.6006161191199775
2.9229312	4.579244407662017
2.9308641200000003	4.5580147196823955
2.93879704	4.5369258528562755
2.94672996	4.51597661703757
2.9546628800000003	4.4951658341171745
2.9625958	4.4744923378822445
2.9705287200000003	4.453954973878304
2.97846164	4.433552599272242
2.98639456	4.413284082717717
2.99432748	4.393148304222117
3.0022604	4.373144155015138
3.0101933200000004	4.353270537419272
3.01812624	4.3335263647219
3.02605916	4.313910561048937
3.03399208	4.294422061240361
3.041925	4.275059810727076
3.0498579200000004	4.255822765409635
3.05779084	4.236709891538218
3.0657237600000005	4.217720165594419
3.07365668	4.198852574174577
3.0815896	4.180106113874306
3.0895225200000005	4.161479791174819
3.09745544	4.142972622330484
3.1053883600000005	4.124583633258015
3.11332128	4.1063118594269055
3.1212542	4.088156345751489
3.12918712	4.070116146483966
3.13712004	4.052190325109227
3.1450529600000006	4.0343779542408384
3.15298588	4.016678115518244
3.1609188	3.999089899505447
3.16885172	3.9816124055908584
3.17678464	3.964244741888413
3.1847175600000006	3.946986025140053
3.19265048	3.9298353806192314
3.2005834	3.912791942035886
3.20851632	3.895854851442301
3.21644924	3.879023259140501
3.22438216	3.8622963235904826
3.2323150800000002	3.845673211319748
3.2402480000000002	3.8291530968340686
3.2481809200000002	3.812735162529087
3.2561138400000003	3.796418598603306
3.2640467600000003	3.7802026029719116
3.2719796800000003	3.764086381181906
3.2799126000000007	3.74806914632809
3.2878455200000003	3.732150118970283
3.29577844	3.7163285270512447
3.30371136	3.7006036058160494
3.31164428	3.684974597732123
3.3195772	3.6694407524102983
3.32751012	3.6540013265270757
3.33544304	3.6386555837475276
3.34337596	3.623402794649392
3.35130888	3.608242236647941
3.3592418	3.593173193921871
3.36717472	3.5781949573400023
3.37510764	3.5633068243890276
3.38304056	3.5485080991018507
3.39097348	3.5337980919872662
3.3989064	3.519176119959947
3.40683932	3.504641506271678
3.41477224	3.4901935804433495
3.42270516	3.4758316781975664
3.43063808	3.461555141392298
3.438571	3.4473633179553675
3.44650392	3.4332555618194207
3.45443684	3.419231232858034
3.46236976	3.405289696822338
3.47030268	3.3914303252785727
3.4782356	3.3776524955462754
3.48616852	3.363955590637221
3.49410144	3.3503389991952304
3.50203436	3.3368021154364493
3.5099672799999997	3.3233443390906463
3.5179002	3.3099650753428427
3.52583312	3.2966637347760597
3.53376604	3.2834397333143532
3.54169896	3.270292492166818
3.54963188	3.257221437772054
3.5575648	3.2442260017433306
3.56549772	3.2313056208146986
3.57343064	3.2184597367870924
3.5813635600000002	3.2056877964758277
3.5892964800000002	3.192989251658079
3.5972294000000002	3.1803635590213544
3.60516232	3.167810180112456
3.6130952400000003	3.155328581287097
3.6210281600000003	3.14291823365996
3.6289610800000003	3.130578613055464
3.6368940000000003	3.1183091999591785
3.64482692	3.10610947946954
3.6527598400000003	3.0939789412504997
3.6606927600000003	3.0819170794843362
3.6686256800000003	3.069923392825298
3.6765586000000003	3.057997384353704
3.68449152	3.0461385615304954
3.6924244400000004	3.0343464361525236
3.70035736	3.022620524307939
3.7082902800000004	3.01096034633268
3.7162232000000004	2.9993654267669783
3.72415612	2.9878352943125295
3.7320890400000004	2.9763694817903286
3.74002196	2.964967526098529
3.74795488	2.9536289681714774
3.7558878000000004	2.9423533529384938
3.7638207200000005	2.9311402292836073
3.77175364	2.9199891500055877
3.7796865599999996	2.908899671778485
3.7876194799999996	2.897871355112468
3.795552399999999	2.88690376431528
3.80348532	2.8759964674541876
3.8114182399999996	2.865149036318054
3.8193511599999996	2.8543610463801907
3.827284079999999	2.843632076761438
3.8352169999999997	2.8329617101936075
3.8431499199999997	2.8223495329836092
3.8510828399999992	2.811795134977708
3.85901576	2.8012981095262606
3.8669486799999997	2.790858053448973
3.8748815999999993	2.7804745670003066
3.8828145199999993	2.7701472538355993
3.8907474399999997	2.759875720977245
3.8986803599999997	2.7496595787814235
3.9066132799999993	2.7394984409051824
3.9145461999999998	2.729391924273943
3.9224791199999998	2.719339649049137
3.9304120399999993	2.7093412385964957
3.9383449599999993	2.699396319454658
3.94627788	2.6895045213037236
3.9542107999999994	2.6796654769348347
3.9621437199999994	2.669878822219475
3.97007664	2.660144196079453
3.97800956	2.650461240457142
3.9859424799999994	2.6408296002859766
3.9938754	2.6312489234614604
4.001808319999999	2.6217188608121758
4.009741239999999	2.6122390660714707
4.017674159999999	2.6028091958491535
4.02560708	2.593428909603825
4.0335399999999995	2.5840978696151145
4.0414729199999995	2.5748157409565615
4.04940584	2.565582191468581
4.0573387599999995	2.556396891731942
4.0652716799999995	2.547259515041251
4.0732045999999995	2.53816973737892
4.0811375199999995	2.5291272373894675
4.0890704399999995	2.5201316963537947
4.0970033599999995	2.5111827981642554
4.10493628	2.502280229299344
4.1128692	2.493423678799281
4.12080212	2.484612838241519
4.1287350400000005	2.4758474017164427
4.13666796	2.467127065803639
4.14460088	2.458451529548272
4.1525338	2.4498204944374504
4.1604667200000005	2.4412336643774872
4.16839964	2.432690745670557
4.17633256	2.4241914469925065
4.1842654800000005	2.415735479370084
4.1921984	2.4073225561590417
4.20013132	2.3989523930220997
4.20806424	2.3906247079072203
4.21599716	2.3823392210262604
4.22393008	2.374095654833728
4.231863	2.3658937340056676
4.239795920000001	2.357733185419062
4.24772884	2.349613738131103
4.25566176	2.3415351233590305
4.26359468	2.333497074459788
4.2715276	2.325499326910359
4.27946052	2.3175416182878323
4.28739344	2.3096236882501904
4.29532636	2.3017452785166754
4.30325928	2.2939061328490498
4.3111922	2.2861059970325277
4.319125120000001	2.278344618857042
4.32705804	2.270621748098919
4.33499096	2.262937136502505
4.34292388	2.2552905377620327
4.3508568	2.247681707503803
4.35878972	2.240110403268277
4.36672264	2.232576384492877
4.374655560000001	2.225079412494154
4.38258848	2.2176192504510954
4.3905214	2.2101956633877395
4.39845432	2.2028084181565872
4.40638724	2.195457283421909
4.41432016	2.188142029643173
4.42225308	2.1808624290588616
4.430186	2.173618255670269
4.43811892	2.1664092852254964
4.44605184	2.1592352952038256
4.453984760000001	2.15209606479986
4.46191768	2.144991374908121
4.4698506	2.137921008107753
4.47778352	2.13088474864734
4.48571644	2.123882382429945
4.49364936	2.116913696998157
4.50158228	2.109978481519478
4.5095152	2.1030765267716416
4.51744812	2.096207625128382
4.52538104	2.0893715705450595
4.533313959999999	2.082568158544523
4.541246879999999	2.0757971862033058
4.549179799999999	2.0690584521375395
4.557112719999999	2.0623517564895244
4.565045639999999	2.0556769009139773
4.572978559999999	2.049033688564747
4.580911479999999	2.0424219240814803
4.588844399999999	2.035841413576474
4.596777319999999	2.0292919646216987
4.604710239999999	2.022773386235917
4.612643159999999	2.016285488871907
4.620576079999999	2.009828084403797
4.628508999999999	2.003400986114665
4.636441919999999	1.9970040086841312
4.644374839999999	1.9906369681760945
4.652307759999999	1.9842996820265988
4.660240679999999	1.9779919690319083
4.668173599999999	1.9717136493364575
4.676106519999999	1.9654645444212626
4.684039439999999	1.9592444770921713
4.691972359999999	1.9530532714684452
4.699905279999999	1.946890752971113
4.707838199999999	1.9407567483119796
4.715771119999999	1.9346510854820314
4.723704039999999	1.9285735937408526
4.7316369599999994	1.922524103605172
4.7395698799999995	1.9165024468383056
4.7475027999999995	1.910508456439276
4.7554357199999995	1.9045419666322685
4.7633686399999995	1.8986028128558665
4.7713015599999995	1.89269083175278
4.7792344799999995	1.8868058611596388
4.7871673999999995	1.8809477400963361
4.7951003199999995	1.8751163087563139
4.8030332399999995	1.8693114084962204
4.8109661599999995	1.863532881826245
4.81889908	1.857780572399948
4.826832	1.8520543250048707
4.834764919999999	1.846353985552494
4.84269784	1.8406794010690506
4.85063076	1.8350304196857583
4.85856368	1.8294068906296483
4.8664966	1.8238086642142277
4.87442952	1.818235591830113
4.88236244	1.8126875259362538
4.89029536	1.807164320050597
4.89822828	1.8016658287413385
4.9061612	1.796191907618052
4.91409412	1.7907424133227996
4.92202704	1.7853172035217069
4.92995996	1.77991613689609
4.93789288	1.7745390731341482
4.9458258	1.769185872922462
4.95375872	1.7638563979375734
4.96169164	1.7585505108378698
4.969624559999999	1.753268075255319
4.97755748	1.7480089557872385
4.9854904	1.742773017988497
4.99342332	1.737560128363391
5.00135624	1.7323701543577572
5.00928916	1.7272029643512963
5.01722208	1.72205842764964
5.025154999999999	1.7169364144768753
5.03308792	1.7118367959678886
5.04102084	1.706759444160823
5.04895376	1.7017042319896867
5.05688668	1.696671033276891
5.0648196	1.6916597227259873
5.07275252	1.6866701759144902
5.08068544	1.6817022692866563
5.08861836	1.6767558801463744
5.09655128	1.6718308866500489
5.104484199999999	1.6669271677998974
5.11241712	1.6620446034366791
5.12035004	1.657183074233182
5.12828296	1.6523424616872278
5.13621588	1.6475226481150516
5.1441488	1.642723516644668
5.15208172	1.6379449512092337
5.160014639999999	1.6331868365404945
5.16794756	1.6284490581624116
5.17588048	1.6237315023847498
5.183813399999999	1.6190340562965027
5.19174632	1.6143566077599807
5.19967924	1.609699045404294
5.20761216	1.6050612586192377
5.21554508	1.600443137549242
5.223478	1.595844573087288
5.23141092	1.5912654568688578
5.239343839999999	1.5867056812660172
5.24727676	1.5821651393815135
5.25520968	1.5776437250429494
5.2631426	1.5731413327969694
5.27107552	1.56865785790358
5.27900844	1.5641931963303353
5.28694136	1.5597472447468967
5.294874279999999	1.5553199005193101
5.3028072	1.5509110617044657
5.31074012	1.546520627044779
5.318673039999999	1.5421484959625822
5.32660596	1.5377945685548406
5.33453888	1.5334587455878197
5.3424718	1.5291409284916753
5.350404719999999	1.5248410193555457
5.35833764	1.5205589209219146
5.36627056	1.5162945365818536
5.374203479999999	1.5120477703696942
5.3821364	1.5078185269580981
5.39006932	1.5036067116529683
5.398002239999999	1.4994122303886184
5.40593516	1.4952349897227089
5.41386808	1.4910748968314855
5.421801	1.4869318595048302
5.429733919999999	1.4828057861417572
5.43766684	1.4786965857452328
5.44559976	1.4746041679179118
5.4535326799999995	1.4705284428572027
5.4614656	1.4664693213507298
5.46939852	1.4624267147718308
5.47733144	1.4584005350749498
5.4852643599999995	1.4543906947910956
5.49319728	1.4503971070235162
5.5011302	1.4464196854432283
5.5090631199999995	1.4424583442845809
5.51699604	1.4385129983410172
5.52492896	1.4345835629606876
5.53286188	1.4306699540423455
5.540794799999999	1.4267720880308408
5.54872772	1.4228898819132187
5.55666064	1.4190232532145064
5.564593559999999	1.4151721199934484
5.57252648	1.4113364008385811
5.5804594	1.4075160148641148
5.588392319999999	1.4037108817060784
5.596325239999999	1.3999209215181043
5.60425816	1.3961460549676648
5.61219108	1.3923862032321492
5.620123999999999	1.3886412879949788
5.62805692	1.384911231441717
5.63598984	1.381195956256381
5.643922759999999	1.377495385617578
5.65185568	1.3738094431948364
5.6597886	1.3701380531448506
5.667721519999999	1.3664811401078742
5.675654439999999	1.3628386292039731
5.68358736	1.359210446029636
5.69152028	1.3555965166538346
5.699453199999999	1.3519967676148577
5.70738612	1.3484111259166347
5.71531904	1.344839519025134
5.723251959999999	1.341281874865152
5.731184879999999	1.337738121816676
5.7391178	1.3342081887116188
5.74705072	1.3306920048304072
5.754983639999999	1.3271894998986142
5.76291656	1.3237006040836865
5.77084948	1.3202252479917196
5.778782399999999	1.3167633626640423
5.78671532	1.3133148795742104
5.79464824	1.3098797306245529
5.802581159999999	1.3064578481432734
5.810514079999999	1.303049164881086
5.818447	1.2996536140081956
5.82637992	1.2962711291112345
5.834312839999999	1.29290164419012
5.84224576	1.2895450936550938
5.85017868	1.286201412323605
5.858111599999999	1.2828705354174774
5.866044519999999	1.2795523985598063
5.87397744	1.276246937772053
5.881910359999999	1.2729540894711728
5.889843279999999	1.2696737904667177
5.8977762	1.2664059779580124
5.90570912	1.2631505895311108
5.913642039999999	1.2599075631562748
5.921574959999999	1.2566768371849724
5.92950788	1.2534583503471592
5.937440799999999	1.250252041748584
5.945373719999999	1.2470578508680117
5.95330664	1.243875717554543
5.96123956	1.2407055820249633
5.969172479999999	1.2375473848609608
5.9771054	1.2344010670066758
5.98503832	1.2312665697659468
5.992971239999999	1.228143834799842
6.000904159999999	1.2250328041239316
6.00883708	1.2219334201058898
6.016769999999999	1.218845625462831
6.024702919999999	1.215769363259019
6.03263584	1.2127045769031264
6.04056876	1.2096512101459007
6.048501679999999	1.2066092070776981
6.056434599999999	1.2035785121261613
6.06436752	1.200559070053588
6.072300439999999	1.1975508259547676
6.080233359999999	1.194553725254472
6.08816628	1.1915677137052088
6.096099199999999	1.1885927373847887
6.104032119999999	1.185628742694142
6.11196504	1.1826756763549193
6.11989796	1.179733485407326
6.127830879999999	1.176802117207672
6.135763799999999	1.173881519426462
6.14369672	1.1709716400458559
6.1516296399999995	1.168072427357701
6.1595625599999995	1.1651838299611779
6.16749548	1.162305796760782
6.1754284	1.159438276964122
6.1833613199999995	1.1565812200797552
6.1912942399999995	1.153734575915119
6.19922716	1.1508982945744504
6.2071600799999995	1.1480723264566595
6.2150929999999995	1.1452566222533633
6.22302592	1.1424511329466587
6.2309588399999996	1.1396558098073908
6.23889176	1.1368706043927994
6.24682468	1.1340954685447995
6.2547576000000005	1.131330354387863
6.26269052	1.1285752143271295
6.27062344	1.1258300010462985
6.2785563600000005	1.1230946675060154
6.28648928	1.1203691669415912
6.2944222	1.1176534528613375
6.3023551200000005	1.114947479044683
6.31028804	1.1122511995400852
6.31822096	1.1095645686634543
6.32615388	1.1068875409961165
6.334086800000001	1.104220071383091
6.34201972	1.1015621149312436
6.34995264	1.0989136270074558
6.357885560000001	1.0962745632368565
6.36581848	1.0936448795011677
6.3737514	1.091024531936751
6.38168432	1.088413476933026
6.389617240000001	1.085811671130566
6.39755016	1.0832190714197267
6.40548308	1.0806356349385
6.413416000000001	1.07806131907115
6.42134892	1.0754960814464096
6.42928184	1.072939879935888
6.437214760000001	1.07039267265228
6.44514768	1.0678544179479392
6.4530806	1.065325074413087
6.46101352	1.0628046008742646
6.468946440000001	1.0602929563927606
6.47687936	1.0577901002629897
6.48481228	1.0552959920109104
6.492745200000001	1.0528105913925112
6.50067812	1.0503338583921824
6.50861104	1.0478657532213136
6.516543959999999	1.0454062363166183
6.52447688	1.0429552683387504
6.532409799999999	1.0405128101706638
6.540342719999999	1.0380788229163085
6.54827564	1.035653267898979
6.556208559999999	1.0332361066599085
6.564141479999999	1.030827300956871
6.572074399999999	1.0284268127626695
6.580007319999999	1.0260346042637047
6.587940239999999	1.0236506378586152
6.595873159999999	1.0212748761566954
6.60380608	1.0189072819768605
6.611738999999999	1.016547818345802
6.619671919999999	1.0141964484969082
6.627604839999999	1.0118531358688085
6.635537759999999	1.0095178441040538
6.643470679999999	1.0071905370476908
6.651403599999999	1.0048711787459925
6.65933652	1.0025597334451173
6.667269439999999	1.0002561655897049
6.675202359999999	0.9979604398218165
6.68313528	0.9956725209792621
6.691068199999999	0.9933923740947193
6.699001119999999	0.9911199643941054
6.706934039999999	0.9888552572955384
6.714866959999999	0.9865982184080061
6.722799879999999	0.9843488135300477
6.730732799999999	0.9821070086486982
6.73866572	0.9798727699380028
6.746598639999999	0.9776460637580255
6.754531559999999	0.9754268566535169
6.762464479999999	0.9732151153527824
6.770397399999999	0.9710108067663363
6.778330319999999	0.9688138979860015
6.786263239999999	0.9666243562833452
6.79419616	0.964442149108913
6.802129079999999	0.962267244090805
6.810061999999999	0.96009960903363
6.817994919999999	0.9579392119173098
6.825927839999999	0.9557860208959891
6.833860759999999	0.9536400042969498
6.841793679999999	0.9515011306193529
6.849726599999999	0.9493693685333073
6.8576595199999995	0.9472446868786752
6.8655924399999995	0.9451270546639684
6.87352536	0.9430164410652753
6.8814582799999995	0.9409128154252584
6.8893911999999995	0.938816147251981
6.8973241199999995	0.9367264062179227
6.9052570399999995	0.9346435621589131
6.9131899599999995	0.9325675850730419
6.9211228799999995	0.9304984451197058
6.9290557999999995	0.9284361126184862
6.9369887199999996	0.9263805580482546
6.94492164	0.9243317520459796
6.95285456	0.9222896654058517
6.96078748	0.9202542690783387
6.9687204	0.9182255341690558
6.97665332	0.9162034319377956
6.98458624	0.914187933797697
6.99251916	0.9121790113140401
7.00045208	0.9101766362035241
7.0083850000000005	0.9081807803332198
7.01631792	0.9061914157194989
7.02425084	0.9042085145272721
7.03218376	0.9022320490690011
7.04011668	0.9002619918037149
7.0480496	0.8982983153361676
7.05598252	0.8963409924157906
7.06391544	0.8943899959360034
7.07184836	0.8924452989330599
7.07978128	0.8905068745854255
7.0877142	0.8885746962126001
7.09564712	0.8866487372744383
7.10358004	0.8847289713702509
7.11151296	0.882815372237834
7.11944588	0.8809079137527354
7.1273788	0.8790065699272963
7.13531172	0.8771113149098599
7.14324464	0.8752221229838653
7.15117756	0.8733389685670808
7.15911048	0.8714618262107301
7.1670434	0.8695906705987254
7.17497632	0.8677254765466912
7.18290924	0.8658662190013768
7.19084216	0.8640128730396348
7.19877508	0.8621654138677578
7.206708	0.860323816820577
7.21464092	0.8584880573608313
7.22257384	0.8566581110781717
7.23050676	0.8548339536885721
7.23843968	0.8530155610333611
7.2463726	0.8512029090786273
7.25430552	0.8493959739144211
7.26223844	0.8475947317539
7.27017136	0.8457991589326256
7.27810428	0.8440092319078876
7.2860372	0.8422249272578477
7.29397012	0.8404462216808953
7.30190304	0.8386730919948431
7.30983596	0.8369055151362627
7.31776888	0.8351434681596873
7.3257018	0.833386928236986
7.333634719999999	0.8316358726564947
7.34156764	0.8298902788226661
7.34950056	0.8281501242548561
7.35743348	0.8264153865870115
7.3653664	0.8246860435668263
7.37329932	0.8229620730551626
7.38123224	0.8212434530251674
7.38916516	0.8195301615618211
7.39709808	0.8178221768610943
7.405031	0.8161194772293723
7.412963919999999	0.8144220410828121
7.42089684	0.8127298469465242
7.42882976	0.8110428734541377
7.43676268	0.8093610993470365
7.4446956	0.8076845034736163
7.452628520000001	0.8060130647888779
7.46056144	0.8043467623535706
7.46849436	0.8026855753336568
7.476427280000001	0.8010294829997942
7.4843602	0.799378464726391
7.49229312	0.7977324999913766
7.500226040000001	0.7960915683752441
7.50815896	0.7944556495607877
7.516091879999999	0.7928247233321204
7.524024799999999	0.7911987695743355
7.53195772	0.7895777682728231
7.539890640000001	0.7879616995126894
7.547823559999999	0.7863505434781185
7.55575648	0.7847442804518682
7.5636893999999995	0.7831428908146437
7.57162232	0.7815463550445237
7.57955524	0.7799546537163221
7.5874881599999995	0.7783677675011337
7.59542108	0.7767856771657352
7.603354	0.7752083635719276
7.6112869199999995	0.7736358076761654
7.61921984	0.7720679905287522
7.62715276	0.7705048932735286
7.6350856799999995	0.768946497147163
7.6430186	0.7673927834786409
7.650951520000001	0.7658437336888888
7.65888444	0.7642993292898989
7.6668173600000005	0.7627595518845502
7.674750280000001	0.7612243831658185
7.6826832	0.7596938049165316
7.6906161200000005	0.7581677990083943
7.69854904	0.7566463474020448
7.7064819600000005	0.7551294321460338
7.7144148800000005	0.7536170353765754
7.7223478	0.7521091393170237
7.7302807200000005	0.7506057262772917
7.738213640000001	0.7491067786534428
7.74614656	0.7476122789270908
7.754079480000001	0.7461222096649275
7.762012400000001	0.7446365535183138
7.76994532	0.7431552932226737
7.777878240000001	0.7416784115971367
7.785811160000001	0.7402058915439627
7.79374408	0.7387377160480577
7.801677000000001	0.7372738681765967
7.80960992	0.7358143310783788
7.81754284	0.7343590879835911
7.825475760000001	0.7329081222031321
7.83340868	0.7314614171282671
7.8413416	0.7300189562301236
7.849274520000001	0.7285807230592444
7.85720744	0.7271467012451474
7.865140360000001	0.7257168744958209
7.873073280000001	0.7242912265973859
7.8810062	0.7228697414135462
7.888939120000001	0.7214524028851487
7.896872040000001	0.7200391950298571
7.90480496	0.7186301019415974
7.912737880000001	0.7172251077901612
7.920670800000001	0.7158241968207467
7.92860372	0.7144273533536518
7.936536640000001	0.7130345617836618
7.94446956	0.7116458065798378
7.95240248	0.7102610722848923
7.960335400000001	0.7088803435148949
7.96826832	0.7075036049588634
7.97620124	0.7061308413782602
7.984134160000001	0.7047620376066851
7.99206708	0.7033971785494675
8.	0.7020362491831424